3
96
189
282
375
468
561
654
747
840
933
1026
1119
1212
1305
1398
1491
1584
1677
1770
1863
1956
2049
2142
2235
2328
2421
2514
2607
2700
2793
2886
2979
3072
3165
3258
3351
3444
3537
3630
3723
3816
3909
4002
4095
4188
4281
4374
4467
4560
4653
4746
4839
4932
5025
5118
5211
5304
5397
5490
5583
5676
5769
5862
5955
6048
6141
6234
6327
6420
6513
6606
6699
6792
6885
6978
7071
7164
7257
7350
7443
7536
7629
7722
7815
7908
8001
8094
8187
8280
8373
8466
8559
8652
8745
8838
8931
9024
9117
9210
9303
9396
9489
9582
9675
9768
9861
9954
10047
  command log file: time.txt
   serial log file: <none>
log ogg
____^
*** error 10: Syntax error
